

	1      1         1         1
	2      2         1         0         9         8         7         6         5         4         3         2         1
	7 5    0    5    0    5    0    5    0    5    0    5    0    5    0    5    0    5    0    5    0    5    0    5    0    5    0
	--------------------------------------------------------------------------------------------------------------------------------
	        3					2					1
	2   1   0   9   8   7   6   5   4   3   2   1   0   9   8   7   6   5   4   3   2   1   0   9   8   7   6   5   4   3   2   1
	32103210321032103210321032103210321032103210321032103210321032103210321032103210321032103210321032103210321032103210321032103210
md3	      11      11      11      11      11      11      11      11      11      11      11      11      11      11      11      11
md2	    11      11      11      11      11      11      11      11      11      11      11      11      11      11      11      11
md1	  11      11      11      11      11      11      11      11      11      11      11      11      11      11      11      11
md0	11      11      11      11      11      11      11      11      11      11      11      11      11      11      11      11

md3	03	03	03	03	03	03	03	03	03	03	03	03	03	03	03	03
md2	0c	0c	0c      0c	0c      0c      0c      0c	0c      0c      0c      0c      0c      0c	0c      0c
md1	30	30	30      30      30      30      30      30      30      30      30      30      30      30      30      30
md0	c0	c0      c0      c0      c0      c0      c0      c0      c0      c0      c0      c0      c0      c0      c0      c0

